20090821
20090824
20090825
20090826
20090827
20090828
20090831
20090901
20090902
20090903
20090904
20090909
20090910
20090911
20090914
20090915
20090916
20090917
20090918
20090921
20090922
20090923
20090924
20090925
20090928
20090929
20090930
20091001
20091002
20091005
20091006
20091007
20091008
20091009
20091012
20091013
20091014
20091015
20091016
20091019
20091020
20091021
20091022
20091023
20091026
20091027
20091028
20091105
20091106
20091109
20091110
20091111
20091112
20091113
20091116
20091117
20091118
20091119
20091120
20091123
20091124
20091125
20091127
20091130
20091201
20091202
20091203
20091204
20091207
20091208
20091209
20091210
20091211
20091214
20091215
20091216
20091217
20091218
20091221
20091222
20091223
20091224
20091228
20091229
20091230
20091231
20100104
20100105
20100106
20100107
20100108
20100111
20100112
20100113
20100114
20100115
20100119
20100120
20100121
20100122
20100125
20100126
20100127
20100128
20100129
20100201
20100202
20100203
20100204
20100205
20100208
20100209
20100210
20100211
20100212
20100216
20100217
20100218
20100219
20100222
20100223
20100224
20100225
20100226
20100301
20100302
20100303
20100304
20100305
20100308
20100309
20100310
20100311
20100312
20100315
20100316
20100317
20100318
20100319
20100322
20100323
20100324
20100325
20100326
20100329
20100330
20100331
20100401
20100405
20100406
20100407
20100408
20100409
20100412
20100413
20100414
20100415
20100416
20100419
20100420
20100421
20100422
20100423
20100426
20100427
20100428
20100429
20100430
20100503
20100504
20100505
20100506
20100507
20100510
20100511
20100512
20100513
20100514
20100517
20100518
20100519
20100520
20100521
20100524
20100525
20100526
20100527
20100528
20100601
20100602
20100603
20100604
20100607
20100608
20100609
20100610
20100611
20100614
20100615
20100616
20100617
20100618
20100621
20100622
20100623
20100624
20100625
20100628
20100629
20100630
20100701
20100702
20100706
20100707
20100708
20100709
20100712
20100713
20100714
20100715
20100716
20100719
20100720
20100721
20100722
20100723
20100726
20100727
20100728
20100729
20100730
20100802
20100803
20100804
20100805
20100806
20100809
20100810
20100811
20100812
20100813
20100816
20100817
20100819
20100820